2057700.0    0.0
2200000.0    0.01
2500000.0    0.045
2700000.0    0.13
2800000.0    0.08
3000000.0    0.095
3500000.0    0.085
3836800.0    0.108576
4000000.0    0.15
4300000.0    0.20600000000000002
4683000.0    0.1884914285714286
5000000.0    0.20400000000000001
5157800.0    0.20889180000000002
5500000.0    0.23450000000000004
6000000.0    0.20925
6500000.0    0.17775
7000000.0    0.17099999999999999
7300000.0    0.15974999999999998
7395000.0    0.15342910714285712
8000000.0    0.121175
9807800.0    0.1031647925
1.0E7    0.10625
