1880429.0   0.0
1880829.0   2.5E-4
1883400.0   0.0344
1886300.0   0.1083
1889300.0   0.1766
1892200.0   0.2191
1898100.0   0.2616
1901100.0   0.2728
1904000.0   0.2808
1907000.0   0.2842
1930800.0   0.2822
1936700.0   0.2819
1942700.0   0.2817
1948700.0   0.2795
1960700.0   0.2766
1972700.0   0.2734
1984800.0   0.2746
1996900.0   0.2748
2009100.0   0.2747
2009110.0   0.2748
2021200.0   0.2783
2033500.0   0.2805
2058000.0   0.2882
2064200.0   0.2925
2076500.0   0.2992
2082700.0   0.3022
2088900.0   0.3066
2095100.0   0.3128
2101300.0   0.3162
2107500.0   0.3217
2120000.0   0.3347
2132500.0   0.3526
2145100.0   0.3683
2157700.0   0.3931
2170300.0   0.4193
2182900.0   0.4533
2195600.0   0.4832
2208400.0   0.514
2221100.0   0.5427
2233900.0   0.5657
2246800.0   0.5764
2259700.0   0.5781
2272600.0   0.5704
2285500.0   0.5456
2298500.0   0.5256
2311500.0   0.4985
2324600.0   0.4702
2337700.0   0.4518
2350000.0   0.4302
2360000.0   0.4222
2370000.0   0.4142
2371168.0   0.41321888
2371170.0   0.41322919999999996
2380000.0   0.40647770095814423
2390000.0   0.3986316091780131
2391000.0   0.397837
2393000.0   0.397809
2400000.0   0.39228687500000003
2409000.0   0.385187
2410000.0   0.38517300000000004
2418000.0   0.378836
2420000.0   0.37710160000000004
2430000.0   0.3682296
2438000.0   0.361292
2440000.0   0.35962180000000005
2450000.0   0.35507079999999996
2458000.0   0.35142999999999996
2460000.0   0.350558
2470000.0   0.347398
2476000.0   0.34526199999999996
2480000.0   0.34369679999999997
2490000.0   0.3399838
2500000.0   0.3356708
2510000.0   0.33245779999999997
2516000.0   0.33083
2520000.0   0.3297526666666667
2530000.0   0.32775933333333335
2540000.0   0.324666
2546000.0   0.32347000000000004
2550000.0   0.32295
2555000.0   0.32255
2560000.0   0.3218921052631579
2570000.0   0.3209763157894737
2580000.0   0.3194605263157895
2590000.0   0.31774473684210525
2593000.0   0.31740999999999997
2600000.0   0.31698611111111114
2610000.0   0.3161805555555556
2611000.0   0.3160900000000001
2620000.0   0.31473689655172415
2630000.0   0.31343344827586206
2640000.0   0.31323
2650000.0   0.31398000000000004
2656000.0   0.31437000000000004
2660000.0   0.3138978048780488
2670000.0   0.31271731707317074
2680000.0   0.3115368292682927
2690000.0   0.31025634146341463
2697000.0   0.30963999999999997
2700000.0   0.309535
2710000.0   0.308085
2720000.0   0.307635
2725000.0   0.30641
2730000.0   0.3051573684210526
2740000.0   0.30495210526315786
2744000.0   0.30499
2750000.0   0.305695
2752000.0   0.30561
2760000.0   0.3043053846153846
2770000.0   0.3030746153846154
2778000.0   0.30321
2780000.0   0.304285
2782000.0   0.30535999999999996
2790000.0   0.30562117647058823
2800000.0   0.30594764705882355
2810000.0   0.3062741176470588
2816000.0   0.30640999999999996
2820000.0   0.30654000000000003
2830000.0   0.306865
2840000.0   0.30709
2844000.0   0.30722000000000005
2850000.0   0.307164
2860000.0   0.3070706666666667
2870000.0   0.30687733333333334
2874000.0   0.30688000000000004
2879000.0   0.31005999999999995
2880000.0   0.3100535
2890000.0   0.3095885
2900000.0   0.3093235
2910000.0   0.30895849999999997
2919000.0   0.30871999999999994
2920000.0   0.30885125
2930000.0   0.31016375
2935000.0   0.31072
2940000.0   0.3106062068965517
2950000.0   0.31047862068965515
2960000.0   0.3102510344827586
2964000.0   0.31016
2970000.0   0.30992400000000003
2980000.0   0.3095306666666667
2990000.0   0.30933733333333335
2994000.0   0.3091400000000001
3000000.0   0.30983000000000005
3002000.0   0.31016000000000005
3010000.0   0.310022
3020000.0   0.3090495
3030000.0   0.30867700000000003
3040000.0   0.3085045
3042000.0   0.30851
3050000.0   0.3089057894736842
3060000.0   0.3087005263157895
3061000.0   0.30867
3070000.0   0.3077976923076923
3080000.0   0.30722846153846156
3090000.0   0.3068592307692308
3100000.0   0.30669
3110000.0   0.3060207692307692
3113000.0   0.30584999999999996
3120000.0   0.3054798076923077
3130000.0   0.30515096153846155
3140000.0   0.3044221153846154
3150000.0   0.3032932692307692
3160000.0   0.3026644230769231
3165000.0   0.3028
3170000.0   0.30287857142857144
3180000.0   0.3026357142857143
3190000.0   0.30219285714285715
3200000.0   0.30205
3207000.0   0.30167
3210000.0   0.3015067441860465
3220000.0   0.3008625581395349
3230000.0   0.3001183720930233
3240000.0   0.2994741860465116
3250000.0   0.29873
3260000.0   0.29744363636363635
3270000.0   0.29635727272727275
3280000.0   0.2958709090909091
3290000.0   0.2956845454545454
3294000.0   0.29557
3300000.0   0.2955154545454545
3310000.0   0.2955245454545455
3320000.0   0.2954336363636364
3330000.0   0.29524272727272727
3338000.0   0.29525
3340000.0   0.29527113207547173
3350000.0   0.2951767924528302
3360000.0   0.2951824528301887
3370000.0   0.29528811320754716
3380000.0   0.29529377358490566
3390000.0   0.2951994339622641
3391000.0   0.2952
3400000.0   0.29505954545454544
3410000.0   0.2950034848484849
3420000.0   0.2947474242424242
3430000.0   0.2945913636363636
3440000.0   0.29463530303030305
3450000.0   0.2942792424242424
3457000.0   0.29417
3460000.0   0.29415714285714284
3470000.0   0.2942142857142857
3480000.0   0.2941714285714286
3490000.0   0.2941285714285714
3499000.0   0.29427000000000003
3500000.0   0.29428457142857145
3510000.0   0.2937302857142857
3520000.0   0.293476
3530000.0   0.2935217142857143
3534000.0   0.29354
3540000.0   0.29336418604651165
3550000.0   0.29307116279069767
3560000.0   0.2922781395348837
3570000.0   0.29148511627906976
3577000.0   0.29121
3580000.0   0.291126
3590000.0   0.291146
3600000.0   0.290666
3610000.0   0.290586
3620000.0   0.289806
3622000.0   0.28973
3630000.0   0.2893243859649123
3640000.0   0.28851736842105263
3650000.0   0.287610350877193
3660000.0   0.28680333333333335
3670000.0   0.2864963157894737
3679000.0   0.28595
3680000.0   0.28591827586206897
3690000.0   0.2859010344827586
3700000.0   0.2854837931034483
3766000.0   0.288296
3819000.0   0.29099566666666665
4000000.0   0.29943497560975607
4024000.0   0.30093000000000003
4057000.0   0.30283
4100000.0   0.30569577639751555
4200000.0   0.31636037267080747
4218000.0   0.31918
4262000.0   0.32517
4300000.0   0.3306834545454545
4317000.0   0.33382999999999996
4360000.0   0.34224
4400000.0   0.34948545454545454
4404000.0   0.35025
4479000.0   0.36562
4500000.0   0.369858969072165
4576000.0   0.3852
4600000.0   0.3901725
4640000.0   0.39726
4700000.0   0.40801875
4800000.0   0.41995
4833000.0   0.42086
4899000.0   0.42247
4900000.0   0.4224828712871287
5000000.0   0.41677
5100000.0   0.40629
5200000.0   0.39186
5300000.0   0.37348000000000003
5400000.0   0.35313
5500000.0   0.33182999999999996
5600000.0   0.31155
5700000.0   0.2903
5800000.0   0.27208
5900000.0   0.25488
6000000.0   0.23970000000000002
6100000.0   0.22654000000000002
6200000.0   0.21539999999999998
6300000.0   0.20627
6400000.0   0.19814
6500000.0   0.19102
6600000.0   0.1839
6700000.0   0.17678
6800000.0   0.17066
6900000.0   0.16352
7000000.0   0.15638
7100000.0   0.14923
7200000.0   0.14206
7300000.0   0.13688999999999998
7400000.0   0.13169
7500000.0   0.12647999999999998
7600000.0   0.12226
7700000.0   0.11802000000000001
7800000.0   0.11375
7900000.0   0.11047
8000000.0   0.10718
8100000.0   0.10486
8200000.0   0.10152
8300000.0   0.09917000000000001
8400000.0   0.0968
8500000.0   0.0944
8600000.0   0.09199
8700000.0   0.08957
8800000.0   0.08813
8900000.0   0.08567
9000000.0   0.08419
9100000.0   0.08271
9200000.0   0.08021
9300000.0   0.07869
9400000.0   0.07717
9500000.0   0.07563
9600000.0   0.07409
9700000.0   0.07253
9800000.0   0.07097
9900000.0   0.07041
1.0E7   0.06884
