         86400.000        3.928948E+22
        172800.000        3.928897E+22
        259200.000        3.928845E+22
        345600.000        3.928793E+22
        432000.000        3.928741E+22
        518400.000        3.928689E+22
        604800.000        3.928637E+22
        691200.000        3.928586E+22
        777600.000        3.928534E+22
        864000.000        3.928482E+22
        950400.000        3.928430E+22
       1036800.000        3.928378E+22
       1123200.000        3.928326E+22
       1209600.000        3.928275E+22
       1296000.000        3.928223E+22
       1382400.000        3.928171E+22
       1468800.000        3.928119E+22
       1555200.000        3.928067E+22
       1641600.000        3.928015E+22
       1728000.000        3.927964E+22
       1814400.000        3.927912E+22
       1900800.000        3.927860E+22
       1987200.000        3.927808E+22
       2073600.000        3.927756E+22
       2160000.000        3.927704E+22
       2246400.000        3.927653E+22
       2332800.000        3.927601E+22
       2419200.000        3.927549E+22
       2505600.000        3.927497E+22
       2592000.000        3.927445E+22
       2678400.000        3.927393E+22
       2764800.000        3.927342E+22
       2851200.000        3.927290E+22
       2937600.000        3.927238E+22
       3024000.000        3.927186E+22
       3110400.000        3.927134E+22
       3196800.000        3.927083E+22
       3283200.000        3.927031E+22
       3369600.000        3.926979E+22
       3456000.000        3.926927E+22
       3542400.000        3.926875E+22
       3628800.000        3.926824E+22
       3715200.000        3.926772E+22
       3801600.000        3.926720E+22
       3888000.000        3.926668E+22
       3974400.000        3.926616E+22
       4060800.000        3.926564E+22
       4147200.000        3.926513E+22
       4233600.000        3.926461E+22
       4320000.000        3.926409E+22
       4406400.000        3.926357E+22
       4492800.000        3.926305E+22
       4579200.000        3.926254E+22
       4665600.000        3.926202E+22
       4752000.000        3.926150E+22
       4838400.000        3.926098E+22
       4924800.000        3.926046E+22
       5011200.000        3.925995E+22
       5097600.000        3.925943E+22
       5184000.000        3.925891E+22
       5270400.000        3.925839E+22
       5356800.000        3.925787E+22
       5443200.000        3.925736E+22
       5529600.000        3.925684E+22
       5616000.000        3.925632E+22
       5702400.000        3.925580E+22
       5788800.000        3.925528E+22
       5875200.000        3.925477E+22
       5961600.000        3.925425E+22
       6048000.000        3.925373E+22
       6134400.000        3.925321E+22
       6220800.000        3.925269E+22
       6307200.000        3.925218E+22
       6393600.000        3.925166E+22
       6480000.000        3.925114E+22
       6566400.000        3.925062E+22
       6652800.000        3.925011E+22
       6739200.000        3.924959E+22
       6825600.000        3.924907E+22
       6912000.000        3.924855E+22
       6998400.000        3.924803E+22
       7084800.000        3.924752E+22
       7171200.000        3.924700E+22
       7257600.000        3.924648E+22
       7344000.000        3.924596E+22
       7430400.000        3.924544E+22
       7516800.000        3.924493E+22
       7603200.000        3.924441E+22
       7689600.000        3.924389E+22
       7776000.000        3.924337E+22
       7862400.000        3.924286E+22
       7948800.000        3.924234E+22
       8035200.000        3.924182E+22
       8121600.000        3.924130E+22
       8208000.000        3.924078E+22
       8294400.000        3.924027E+22
       8380800.000        3.923975E+22
       8467200.000        3.923923E+22
       8553600.000        3.923871E+22
       8640000.000        3.923820E+22
