         86400.000        3.928661E+22
        172800.000        3.928321E+22
        259200.000        3.927982E+22
        345600.000        3.927643E+22
        432000.000        3.927303E+22
        518400.000        3.926964E+22
        604800.000        3.926625E+22
        691200.000        3.926285E+22
        777600.000        3.925946E+22
        864000.000        3.925607E+22
        950400.000        3.925268E+22
       1036800.000        3.924929E+22
       1123200.000        3.924590E+22
       1209600.000        3.924251E+22
       1296000.000        3.923912E+22
       1382400.000        3.923573E+22
       1468800.000        3.923234E+22
       1555200.000        3.922895E+22
       1641600.000        3.922556E+22
       1728000.000        3.922217E+22
       1814400.000        3.921878E+22
       1900800.000        3.921539E+22
       1987200.000        3.921200E+22
       2073600.000        3.920861E+22
       2160000.000        3.920523E+22
       2246400.000        3.920184E+22
       2332800.000        3.919845E+22
       2419200.000        3.919507E+22
       2505600.000        3.919168E+22
       2592000.000        3.918829E+22
       2678400.000        3.918491E+22
       2764800.000        3.918152E+22
       2851200.000        3.917814E+22
       2937600.000        3.917475E+22
       3024000.000        3.917137E+22
       3110400.000        3.916798E+22
       3196800.000        3.916460E+22
       3283200.000        3.916122E+22
       3369600.000        3.915783E+22
       3456000.000        3.915445E+22
       3542400.000        3.915107E+22
       3628800.000        3.914768E+22
       3715200.000        3.914430E+22
       3801600.000        3.914092E+22
       3888000.000        3.913754E+22
       3974400.000        3.913416E+22
       4060800.000        3.913078E+22
       4147200.000        3.912740E+22
       4233600.000        3.912402E+22
       4320000.000        3.912064E+22
       4406400.000        3.911726E+22
       4492800.000        3.911388E+22
       4579200.000        3.911050E+22
       4665600.000        3.910712E+22
       4752000.000        3.910374E+22
       4838400.000        3.910036E+22
       4924800.000        3.909698E+22
       5011200.000        3.909360E+22
       5097600.000        3.909023E+22
       5184000.000        3.908685E+22
       5270400.000        3.908347E+22
       5356800.000        3.908010E+22
       5443200.000        3.907672E+22
       5529600.000        3.907334E+22
       5616000.000        3.906997E+22
       5702400.000        3.906659E+22
       5788800.000        3.906322E+22
       5875200.000        3.905984E+22
       5961600.000        3.905647E+22
       6048000.000        3.905309E+22
       6134400.000        3.904972E+22
       6220800.000        3.904635E+22
       6307200.000        3.904297E+22
       6393600.000        3.903960E+22
       6480000.000        3.903623E+22
       6566400.000        3.903285E+22
       6652800.000        3.902948E+22
       6739200.000        3.902611E+22
       6825600.000        3.902274E+22
       6912000.000        3.901937E+22
       6998400.000        3.901599E+22
       7084800.000        3.901262E+22
       7171200.000        3.900925E+22
       7257600.000        3.900588E+22
       7344000.000        3.900251E+22
       7430400.000        3.899914E+22
       7516800.000        3.899577E+22
       7603200.000        3.899241E+22
       7689600.000        3.898904E+22
       7776000.000        3.898567E+22
       7862400.000        3.898230E+22
       7948800.000        3.897893E+22
       8035200.000        3.897556E+22
       8121600.000        3.897220E+22
       8208000.000        3.896883E+22
       8294400.000        3.896546E+22
       8380800.000        3.896210E+22
       8467200.000        3.895873E+22
       8553600.000        3.895536E+22
       8640000.000        3.895200E+22
