 --------------------------------------------
     time (s)     target (C)         base          coolant
 --------------------------RK4----------------------
    5.000E-01      2.000E+01      2.000E+01      2.000E+01
    1.000E+00     -1.966E+05      3.358E+04     -6.355E+02
    1.500E+00     -2.406E+09      4.099E+08     -8.181E+06
    2.000E+00     -2.943E+13      5.015E+12     -1.001E+11
    2.500E+00     -3.600E+17      6.135E+16     -1.224E+15
    3.000E+00     -4.404E+21      7.505E+20     -1.498E+19
    3.500E+00     -5.388E+25      9.181E+24     -1.832E+23
    4.000E+00     -6.591E+29      1.123E+29     -2.241E+27
    4.500E+00     -8.063E+33      1.374E+33     -2.742E+31
    5.000E+00     -9.864E+37      1.681E+37     -3.354E+35
 ---------------------EULER------------------------
    5.000E-01      2.000E+01      2.000E+01      2.000E+01
    1.000E+00      4.900E+02      3.249E+01      2.000E+01
    1.500E+00     -8.977E+03      1.599E+03      2.592E+01
    2.000E+00      2.098E+05     -3.569E+04      7.713E+02
    2.500E+00     -4.871E+06      8.300E+05     -1.650E+04
    3.000E+00      1.131E+08     -1.927E+07      3.846E+05
    3.500E+00     -2.625E+09      4.473E+08     -8.927E+06
    4.000E+00      6.095E+10     -1.039E+10      2.073E+08
    4.500E+00     -1.415E+12      2.411E+11     -4.812E+09
    5.000E+00      3.285E+13     -5.598E+12      1.117E+11
 --------------------------END----------------------
