 --------------------------------------------
     time (s)     target (C)         base          coolant
 --------------------------RK4----------------------
    5.000E-01      2.000E+01      2.000E+01      2.000E+01
    1.000E+00     -1.450E+05      2.360E+04      5.153E+02
    1.500E+00     -9.352E+08      1.514E+08      3.382E+06
    2.000E+00     -6.034E+12      9.766E+11      2.182E+10
    2.500E+00     -3.893E+16      6.301E+15      1.408E+14
    3.000E+00     -2.511E+20      4.065E+19      9.081E+17
    3.500E+00     -1.620E+24      2.622E+23      5.859E+21
    4.000E+00     -1.045E+28      1.692E+27      3.780E+25
    4.500E+00     -6.743E+31      1.091E+31      2.438E+29
    5.000E+00     -4.350E+35      7.041E+34      1.573E+33
 ---------------------EULER------------------------
    5.000E-01      2.000E+01      2.000E+01      2.000E+01
    1.000E+00      4.900E+02      3.249E+01      2.000E+01
    1.500E+00     -9.235E+03      1.657E+03      1.408E+01
    2.000E+00      1.821E+05     -2.921E+04     -7.653E+02
    2.500E+00     -3.602E+06      5.836E+05      1.273E+04
    3.000E+00      7.120E+07     -1.152E+07     -2.581E+05
    3.500E+00     -1.407E+09      2.278E+08      5.087E+06
    4.000E+00      2.782E+10     -4.502E+09     -1.006E+08
    4.500E+00     -5.498E+11      8.899E+10      1.988E+09
    5.000E+00      1.087E+13     -1.759E+12     -3.930E+10
 --------------------------END----------------------
