 --------------------------------------------
     time (s)     target (C)         base          coolant
 --------------------------RK4----------------------
    1.000E+00      2.000E+01      2.000E+01      2.000E+01
    2.000E+00      2.000E+01      2.000E+01      2.000E+01
    3.000E+00      2.000E+01      2.000E+01      2.000E+01
    4.000E+00      2.000E+01      2.000E+01      2.000E+01
    5.000E+00      2.000E+01      2.000E+01      2.000E+01
    6.000E+00      2.000E+01      2.000E+01      2.000E+01
    7.000E+00      2.000E+01      2.000E+01      2.000E+01
    8.000E+00      2.000E+01      2.000E+01      2.000E+01
    9.000E+00      2.000E+01      2.000E+01      2.000E+01
    1.000E+01      1.767E+02      2.416E+01      2.000E+01
    1.100E+01      2.404E+07     -4.096E+06      8.181E+04
    1.200E+01      5.083E+12     -8.661E+11      1.728E+10
    1.300E+01      1.075E+18     -1.832E+17      3.655E+15
    1.400E+01      2.273E+23     -3.873E+22      7.730E+20
    1.500E+01      4.807E+28     -8.191E+27      1.635E+26
 ---------------------EULER------------------------
    1.000E+00      2.000E+01      2.000E+01      2.000E+01
    2.000E+00      2.000E+01      2.000E+01      2.000E+01
    3.000E+00      2.000E+01      2.000E+01      2.000E+01
    4.000E+00      2.000E+01      2.000E+01      2.000E+01
    5.000E+00      2.000E+01      2.000E+01      2.000E+01
    6.000E+00      2.000E+01      2.000E+01      2.000E+01
    7.000E+00      2.000E+01      2.000E+01      2.000E+01
    8.000E+00      2.000E+01      2.000E+01      2.000E+01
    9.000E+00      2.000E+01      2.000E+01      2.000E+01
    1.000E+01      2.000E+01      2.000E+01      2.000E+01
    1.100E+01      9.600E+02      4.497E+01      2.000E+01
    1.200E+01     -3.691E+04      6.312E+03      4.367E+01
    1.300E+01      1.752E+06     -2.983E+05      5.983E+03
    1.400E+01     -8.307E+07      1.416E+07     -2.823E+05
    1.500E+01      3.940E+09     -6.714E+08      1.340E+07
 --------------------------END----------------------
