   100000.00000000000        3.1420400000000002     
   200000.00000000000        3.1454599999999999     
   300000.00000000000        3.1410933333333335     
   400000.00000000000        3.1389200000000002     
   500000.00000000000        3.1383839999999998     
   600000.00000000000        3.1396400000000000     
   700000.00000000000        3.1420057142857143     
   800000.00000000000        3.1420949999999999     
   900000.00000000000        3.1444755555555557     
   1000000.0000000000        3.1418080000000002     
   1100000.0000000000        3.1435200000000001     
   1200000.0000000000        3.1433533333333332     
   1300000.0000000000        3.1411907692307692     
   1400000.0000000000        3.1439885714285714     
   1500000.0000000000        3.1409813333333334     
   1600000.0000000000        3.1411799999999999     
   1700000.0000000000        3.1398611764705882     
   1800000.0000000000        3.1405022222222221     
   1900000.0000000000        3.1413494736842105     
   2000000.0000000000        3.1416019999999998     
   2100000.0000000000        3.1428647619047618     
   2200000.0000000000        3.1425818181818181     
   2300000.0000000000        3.1417304347826085     
   2400000.0000000000        3.1416450000000000     
   2500000.0000000000        3.1417088000000000     
   2600000.0000000000        3.1391200000000001     
   2700000.0000000000        3.1409674074074072     
   2800000.0000000000        3.1404685714285714     
   2900000.0000000000        3.1422868965517243     
   3000000.0000000000        3.1424840000000001     
   3100000.0000000000        3.1418864516129030     
   3200000.0000000000        3.1419600000000001     
   3300000.0000000000        3.1402739393939392     
   3400000.0000000000        3.1421917647058826     
   3500000.0000000000        3.1415154285714286     
   3600000.0000000000        3.1423100000000002     
   3700000.0000000000        3.1408291891891893     
   3800000.0000000000        3.1424147368421051     
   3900000.0000000000        3.1414861538461540     
   4000000.0000000000        3.1432440000000001     
 clock =   2.68899989    
